"","1","2","3","4","5","6","7","8","9","10","11","12","13","14","15","16","17","18","19","20","21","22","23","24","25","26","27","28","29","30","31","32","33","34","35","36","37","38","39","40","41","42","43","44","45","46","47","48","49","50","51","52","53","54","55","56","57","58","59","60","61","62","63","64","65","66","67","68","69","70","71","72","73","74","75","76","77","78","79","80","81","82","83","84","85","86","87","88","89","90","91","92","93","94","95","96","97","98","99"
"1",0,0.575153105861767,0.551615881809788,0.263237748444849,0.694638694638695,0.224741676234214,0.706681514476615,0.608327230881891,0.587216148023549,0.389405204460966,0.932908213956681,0.940651295973635,0.29315866084425,0.545752742902387,0.562173458725183,0.595299608300692,0.835649172493141,0.536729631749666,0.281219077775579,0.371147371147371,0.414234016887817,0.376796714579055,0.584071621747645,0.554240631163708,0.542308461692338,0.371650730272144,0.298855112514805,0.693020924696153,0.658482554919697,0.912766783081102,0.696428571428571,0.525991528686947,0.670085650840647,0.177484608619173,0.389172625127681,0.625530273814115,0.770413494551426,0.649149922720247,0.295851105079488,0.792325056433409,1,1,1,1,1,1,1,1,1,0.913721586195454,0.79247572815534,0.491150442477876,0.674557823129252,0.699897750511247,0.468827245262291,0.493071839693029,0.376425855513308,0.486489732196469,0.586390653822505,0.919167105340118,0.626567962163274,0.518486025817772,0.599338590689392,0.931644761656077,0.441261074674951,0.884204502098436,0.814876033057851,0.692620176032498,0.914371969627665,1,0.423193685488768,0.886308749767788,1,1,1,1,1,1,0.746127691726483,0.258434118395926,0.825478547854785,1,1,1,1,1,1,0.677802720190149,0.525005145091583,0.747905488091876,0.978562091503268,0.565446279014118,0.8619140026555,0.908754258628351,0.693314633006078,1,1,1,1
"2",0.575153105861767,0,0.37997542997543,0.401876920521551,0.86256323777403,0.403285553229183,0.555370755370755,0.282030781531081,0.493813075910487,0.73323764609391,0.850115940598944,0.935737919408205,0.37012987012987,0.220908263942341,0.819357620176762,0.121439624047223,0.743867655447804,0.0931458699472759,0.60715985908788,0.28150622532645,0.228529839883552,0.274731913608216,0.335311939652507,0.341363526860997,0.304117037804246,0.322509520946081,0.667173830353747,0.30394171492621,0.924358148523051,1,1,0.45106705392095,0.86610317300597,0.681005837449484,0.339632545931759,0.834524257239564,0.920651905506626,0.727249715225921,0.612179487179487,0.885903265812319,1,1,1,1,1,1,1,1,1,1,0.957195032870709,0.379258225787699,0.530325288562434,0.875696850986892,0.406691800188501,0.407901833872708,0.624990441232699,0.771212891050301,0.292214623882167,0.907862039794857,0.291644702161307,0.258321542929481,0.763371394230769,0.81807250043841,0.193692100982957,0.826567665709176,0.912925170068027,0.63674273137959,0.942860631219095,1,0.450639386189258,0.919955599407992,1,1,1,1,1,1,0.933388096482712,0.698653485597409,0.984798464491363,1,1,1,1,1,1,0.812639176840974,0.647943037974684,0.833385180115722,0.991159029649596,0.678592120509849,0.91129190997966,1,0.922474087806522,1,1,1,1
"3",0.551615881809788,0.37997542997543,0,0.514378113801241,0.857410647338166,0.465053308512439,0.363123644251627,0.723089735581928,0.465678554886522,0.715752676425606,0.932798511800953,0.940091523318164,0.495221843003413,0.682419107442846,0.806867941922102,0.492907590954953,0.852593995919557,0.306678841638403,0.599717257396748,0.512249443207127,0.46103500761035,0.311659547539946,0.745456880498299,0.738815296175956,0.733028017241379,0.536576877566646,0.647035094796289,0.609936575052854,0.919937664361547,1,1,0.429452684079276,0.860487873069127,0.662838158519222,0.642486338797814,0.824631327222001,0.916529569659711,0.739244836205762,0.603916866506795,0.879947803392779,1,1,1,1,1,1,1,1,1,1,0.955233002291826,0.6410071075774,0.3248654467169,0.869812213981379,0.661721068249258,0.721472737492974,0.682295423579386,0.760795325187827,0.727683461117196,0.920236547264922,0.728046103183315,0.674643386078416,0.752202643171806,0.67322023552153,0.293257514216084,0.890529447413366,0.907533539731682,0.762150486019441,0.940688169317534,1,0.611616354604509,0.91688012295082,1,1,1,1,1,1,0.930263466499883,0.682414226693012,0.984064386317907,1,1,1,1,1,1,0.803590115109072,0.660351455244371,0.826924319782847,0.990547550432277,0.699878861296184,0.907656580834642,1,0.918345611076595,1,1,1,1
"4",0.263237748444849,0.401876920521551,0.514378113801241,0,0.806034849128772,0.123367198838897,0.804191429465124,0.445821042281219,0.591214154972544,0.470600203458799,0.898299028016009,0.931572178758976,0.0372944793476808,0.36584849767245,0.622437485920252,0.428865979381443,0.754750312378819,0.350761741638871,0.271539548022599,0.135725429017161,0.190877429502303,0.231464952992979,0.505029115934357,0.504802379940501,0.471203694975964,0.28890205371248,0.38347718865598,0.565437760212394,0.863636363636363,1,1,0.621056459678153,0.801748112832738,0.435832274459975,0.338525141813287,0.696394686907021,0.86812585499316,0.606859436285688,0.286878141792338,0.80981256890849,1,1,1,1,1,1,1,1,1,1,0.933792791774941,0.41745531019979,0.649636574317919,0.811262596324837,0.271506398074243,0.438607024917442,0.404709881039087,0.647348400089505,0.457614041855531,0.89927170436592,0.457289348940699,0.322467986030268,0.628230850938275,0.92234448942357,0.225757901526553,0.824720082337897,0.835626490552192,0.548563611491108,0.918904869173453,1,0.239430250960886,0.885910169640503,1,1,1,1,1,1,0.895696913002806,0.487164612037708,0.975812362570242,1,1,1,1,1,1,0.701857282502444,0.483009003775777,0.761616521274702,0.981514878268711,0.505184524473185,0.870024995193232,1,0.869095048377917,1,1,1,1
"5",0.694638694638695,0.86256323777403,0.857410647338166,0.806034849128772,0,0.767089441607643,0.724176911120531,0.865472069503835,0.849267020415505,0.803545051698671,0.968313756587534,0.971190869954931,0.810528063766191,0.841598287549055,0.820706509664519,0.867116985966343,0.930937635028086,0.854241185487992,0.820475212672338,0.823045905707196,0.830510992275698,0.824001233996607,0.820343461030383,0.642944634982851,0.816767730029001,0.646314069838677,0.796484375,0.889666919000757,0.825323387782079,0.900326706905144,0.875770723909568,0.561752988047809,0.146333128289249,0.694078644442398,0.726811013098102,0.872393822393823,0.90482607597069,0.881746747391472,0.822299651567944,0.936712073779508,1,1,1,1,1,1,1,1,1,0.953575573609499,0.84538541821977,0.795935247548151,0.831585205316574,0.878596707185721,0.833654463712267,0.649491618576532,0.671119443793454,0.520035552922006,0.849986605946959,0.959585583990082,0.876778523489933,0.844446133961834,0.859159251304081,0.960192729749502,0.835412910205554,0.949598645770764,0.910525264629519,0.891936433195998,0.941881403290904,1,0.829815795361325,0.972020075282309,1,1,1,1,1,1,0.350209683568433,0.650898935241752,0.488587340183544,1,1,1,1,1,1,0.838550247116969,0.846763362879398,0.883775400392479,0.990887876430714,0.864321608040201,0.909655863681925,0.948343815513627,0.830213096367872,1,1,1,1
"6",0.224741676234214,0.403285553229183,0.465053308512439,0.123367198838897,0.767089441607643,0,0.679975922953451,0.510382099175121,0.482475118996106,0.503401360544218,0.9088827757565,0.93191602799067,0.108679053194197,0.446942720520907,0.651993355481728,0.429429429429429,0.782328499957602,0.353966870095902,0.317000496606522,0.171067738231917,0.201336494934253,0.177220956719818,0.521987874647767,0.521166199967056,0.490442381212452,0.242646358876725,0.413280475718533,0.56023598820059,0.786416861826698,0.960642975564045,0.880577427821522,0.518284106891702,0.756629966491144,0.385883410759778,0.362776025236593,0.685455134434726,0.803564459477039,0.619929453262787,0.330621542466645,0.819206078868073,1,1,1,1,1,1,1,1,1,0.925873129009266,0.877329865626355,0.40392464678179,0.589113257243196,0.750794371311847,0.360580411124547,0.460173577627772,0.367382472431805,0.60300590445518,0.492276195793784,0.899998087186059,0.528467425798021,0.413181666109066,0.644067796610169,0.901565364546608,0.234425043909495,0.843958076448829,0.846259437199726,0.60543580131209,0.92146992197332,1,0.33102027539846,0.88956950825251,1,1,1,1,1,1,0.838951730316945,0.438668866886689,0.913114562653276,1,1,1,1,1,1,0.714986566989838,0.501214272370633,0.769356644561192,0.982962809058799,0.52514444682217,0.874570924946655,0.929448249127794,0.80202565833896,1,1,1,1
"7",0.706681514476615,0.555370755370755,0.363123644251627,0.804191429465124,0.724176911120531,0.679975922953451,0,0.965602356875547,0.428954723309111,0.957283680175246,0.993693987010984,0.98639614730584,0.773252279635258,0.943416941136728,0.883714118336262,0.67557837189146,0.98562387686538,0.484349503041092,0.964485284986961,0.771124790151091,0.698494242692648,0.534469977761305,0.91226408219777,0.740426734492016,0.905370056931836,0.530718223216426,0.945202082816762,0.763210631789896,0.843887370797196,0.886685552407932,0.834750911300121,0.291455034359128,0.729629926948704,0.795970063327576,0.737138389366693,0.812606889811874,0.841426951232086,0.978579988016777,0.964942387840157,0.858579574909279,1,1,1,1,1,1,1,1,1,0.94239503711089,0.842170818505338,0.765862255965293,0.509146198830409,0.742978566149298,0.949231666990858,0.727992246809886,0.749694175214077,0.70230422883376,0.945916287819408,0.985264592658083,0.977526324060977,0.954822843610529,0.973669674093169,0.764913123548723,0.496022581472928,0.991408336235923,0.963520408163265,0.980696544276458,0.979470246213481,1,0.875033377837116,0.905709719599012,1,1,1,1,1,1,0.679736769947902,0.727272727272727,0.68983451536643,1,1,1,1,1,1,0.894637283647025,0.900141531687372,0.979006092637452,0.987985347985348,0.974819510477197,0.977640528496599,0.936826992103374,0.858341297653181,1,1,1,1
"8",0.608327230881891,0.282030781531081,0.723089735581928,0.445821042281219,0.865472069503835,0.510382099175121,0.965602356875547,0,0.874002519949601,0.666624381580617,0.846307859372879,0.943671407957122,0.441669059240119,0.0866344605475039,0.838801134062373,0.164334317627423,0.727699889215724,0.406585591351966,0.522011121408712,0.352092735156181,0.367427752969922,0.569782780758069,0.083205146133408,0.262472001628996,0.107019223687118,0.420281001832621,0.585193753614806,0.33125223888235,0.899066251667408,0.99477648202138,0.987993857322351,0.807546359275435,0.840288432034367,0.607297063903281,0.333831999401601,0.908043354249857,0.978400467016929,0.690618046084273,0.529128991644729,0.9679186228482,1,1,1,1,1,1,1,1,1,0.991047262127837,0.943142397833996,0.4263909725393,0.764416507242416,0.990178023327195,0.307061964828285,0.315793534449502,0.554702837765483,0.728036284226441,0.020919247207018,0.913613996719519,0.0235249906050357,0.15417892368922,0.724674416571978,0.969563160384797,0.525509372453138,0.817304673003911,0.893574058676803,0.592594998376096,0.935492763611302,1,0.45606907059421,0.998187521784594,1,1,1,1,1,1,0.924652777777778,0.683666227314205,0.97453828223059,1,1,1,1,1,1,0.853120516499283,0.670451981649996,0.81143500915364,0.98892490545651,0.628214794336936,0.89887808526552,0.991674733785092,0.899359743897559,1,1,1,1
"9",0.587216148023549,0.493813075910487,0.465678554886522,0.591214154972544,0.849267020415505,0.482475118996106,0.428954723309111,0.874002519949601,0,0.739048957601312,0.978851089982286,0.975000675657415,0.555230431602048,0.83284124460595,0.57922488795149,0.526245402875293,0.948145193458317,0.447879774097827,0.783180550019928,0.576427735137245,0.490490611750454,0.256413561944051,0.884917664670659,0.869952333842971,0.876543209876543,0.586163256696899,0.770622142715166,0.668110755321153,0.820884429580082,0.988949416342412,0.959988729219498,0.429150970733121,0.869454468265761,0.782300884955752,0.743721168631471,0.63075131042516,0.834033613445378,0.89454298730251,0.787624438805388,0.791225416036309,1,1,1,1,1,1,1,1,1,0.97630173564753,0.911273613650213,0.72467355125032,0.677753544165758,0.769931955321608,0.817303711880778,0.868406975500161,0.837987355110643,0.851181862035697,0.87205594980973,0.968745122522241,0.887730884325663,0.836606243705941,0.860993995145011,0.832481412639405,0.333641404805915,0.965050768692109,0.813527575442248,0.907647907647908,0.914096916299559,1,0.730975609756098,0.879042027770012,1,1,1,1,1,1,0.869213255755123,0.71867498799808,0.954907161803713,1,1,1,1,1,1,0.745821172724861,0.786016730352164,0.89724216093691,0.978364116094987,0.869277904601706,0.888478884788848,0.978856462179869,0.833594484487622,1,1,1,1
"10",0.389405204460966,0.73323764609391,0.715752676425606,0.470600203458799,0.803545051698671,0.503401360544218,0.957283680175246,0.666624381580617,0.739048957601312,0,0.951528473761666,0.96404140351847,0.499037350789372,0.636845778087928,0.45724907063197,0.747941489876974,0.875633304655387,0.704519645696116,0.229493633402428,0.569632815084353,0.606592077411551,0.57455853499019,0.70951696695037,0.722726313568263,0.684210526315789,0.664838668537176,0.224778761061947,0.816043679126417,0.773322641005079,0.997680435364439,0.986373165618449,0.701331496786042,0.740136229276443,0.34447493140434,0.676115356174513,0.794871794871795,0.972924547083416,0.700092208390964,0.252728317059161,0.939223183739183,1,1,1,1,1,1,1,1,1,0.994024362215583,0.906764168190128,0.739182215164748,0.842625306904605,0.995770982433312,0.531216553692472,0.658967038671165,0.558393547302974,0.604871447902571,0.674832962138085,0.947556182606067,0.676770186335404,0.587180707599556,0.579372777238927,0.965478332469275,0.629080541696365,0.912614185921548,0.716814159292035,0.743392504930967,0.898865478119935,1,0.603293184936728,1,1,1,1,1,1,1,0.875179569034317,0.4296875,0.962027462281743,1,1,1,1,1,1,0.726640664744785,0.676448644615767,0.709176260198949,0.961842717543043,0.610595630050883,0.83339494762785,0.99487684729064,0.80046403712297,1,1,1,1
"11",0.932908213956681,0.850115940598944,0.932798511800953,0.898299028016009,0.968313756587534,0.9088827757565,0.993693987010984,0.846307859372879,0.978851089982286,0.951528473761666,0,0.189330221854895,0.895283303998436,0.843450479233227,0.976505967484259,0.851505474452555,0.455144147273359,0.859670225028818,0.924196215322433,0.870785828123084,0.868833128132207,0.91344959680946,0.849717138103161,0.849432522178718,0.847882105263158,0.872177131796108,0.935712580129677,0.860512098440441,0.984998357484396,1,1,0.955525809420229,0.96607403882109,0.935490901165959,0.84998394375243,0.985777908106226,0.996576075326343,0.927840747375647,0.924562207756487,0.993145549962515,1,1,1,1,1,1,1,1,1,1,0.989829390631237,0.85663105890821,0.92410556145944,0.998566458628346,0.867699747612912,0.850542044622951,0.913970949407059,0.945376403715514,0.847027986809842,0.0866015019668614,0.847182038136812,0.841097705558268,0.944967592026416,0.557225323219312,0.898773851346697,0.295747813284836,0.983473818175111,0.897504616541108,0.984479671022087,1,0.887488717628272,0.998636582810967,1,1,1,1,1,1,0.985379810879654,0.944485366773863,0.996523388116308,1,1,1,1,1,1,0.970254609306409,0.924900583805737,0.955366666666667,0.998458704559979,0.92313154932017,0.977149810708491,1,0.983510771767574,1,1,1,1
"12",0.940651295973635,0.935737919408205,0.940091523318164,0.931572178758976,0.971190869954931,0.93191602799067,0.98639614730584,0.943671407957122,0.975000675657415,0.96404140351847,0.189330221854895,0,0.931826978258839,0.938489947722958,0.976684982958893,0.936194663735385,0.59781589542772,0.934962248055106,0.943564491861578,0.932593462568786,0.933094948066067,0.932655671136073,0.944833714140645,0.942406988928305,0.944321311895458,0.934153195658339,0.952135443020664,0.939204227615182,0.988812369001279,1,1,0.957447893428517,0.974249812937018,0.951832063139052,0.934384112425655,0.980120967191404,0.988335384450746,0.945031820326748,0.943809328689476,0.985756740114053,1,1,1,1,1,1,1,1,1,1,0.992319488315399,0.935997193299001,0.940901517956312,0.989957960490769,0.940455806421641,0.943878407520758,0.942577030812325,0.958734813573523,0.943969671657136,0.2290277172638,0.944126608641991,0.940081014256405,0.958508410279377,0.631266825328703,0.933444519726898,0.448492096192304,0.987708684856716,0.945588621937325,0.988150098749177,1,0.933046715251927,0.990332770891745,1,1,1,1,1,1,0.988262849022343,0.952435399039561,0.997382060503491,1,1,1,1,1,1,0.968610339812244,0.934323368691739,0.96596339603457,0.998859241534738,0.943126349538703,0.982632822937005,1,0.987646695491044,1,1,1,1
"13",0.29315866084425,0.37012987012987,0.495221843003413,0.0372944793476808,0.810528063766191,0.108679053194197,0.773252279635258,0.441669059240119,0.555230431602048,0.499037350789372,0.895283303998436,0.931826978258839,0,0.363683074709691,0.644764730818143,0.397936224687718,0.749233651226158,0.317622230038692,0.305737842840316,0.0989317231769623,0.154684095860566,0.214697074406819,0.499870834409713,0.49983394221189,0.466568699485672,0.254348034976458,0.412357286769644,0.539520531687633,0.869668622165848,1,1,0.598510374179819,0.807093843626172,0.459771863117871,0.337265917602996,0.710335747202107,0.872974041375675,0.616616260451877,0.319775132275132,0.816854678168547,1,1,1,1,1,1,1,1,1,1,0.935815991237678,0.386173073880715,0.636023877498053,0.81064952949277,0.272148800783162,0.434579439252336,0.424210402723964,0.6580232179668,0.453230653643877,0.899810275770874,0.452901281085154,0.32145675949938,0.64008226691042,0.912775405153152,0.191316146540027,0.820110073588523,0.843630017452007,0.542893121359987,0.920818881651298,1,0.240986301369863,0.888641043239533,1,1,1,1,1,1,0.898992186615332,0.507109004739337,0.976609568812758,1,1,1,1,1,1,0.711686163299067,0.496606334841629,0.767393381394945,0.982608695652174,0.520112456747405,0.873420091751709,1,0.874093335158068,1,1,1,1
"14",0.545752742902387,0.220908263942341,0.682419107442846,0.36584849767245,0.841598287549055,0.446942720520907,0.943416941136728,0.0866344605475039,0.83284124460595,0.636845778087928,0.843450479233227,0.938489947722958,0.363683074709691,0,0.767977276124981,0.212516823687752,0.717820809929691,0.347822828449374,0.478645438463483,0.274307852215818,0.294592413236481,0.507181075753309,0.166813898704358,0.21969318587228,0.119838245586749,0.367426078526418,0.558471048315882,0.378313765074643,0.900700652331481,1,1,0.77658691221979,0.837960707907128,0.584366955300725,0.274523753062999,0.866037032434448,0.948326359832636,0.673806100052978,0.486968449931413,0.927835051546392,1,1,1,1,1,1,1,1,1,1,0.947211962886226,0.379593512625744,0.743642870597099,0.964061768834815,0.255249926057379,0.282692150616679,0.532418001525553,0.718269574544155,0.101989064109676,0.90585758605407,0.100818304599984,0.0811808118081181,0.706238925673785,0.959387055293613,0.465027700831025,0.813481770757439,0.883651473834567,0.572664713497309,0.932134570765661,1,0.388608507570296,0.97182065017979,1,1,1,1,1,1,0.917422699500093,0.629086932750137,0.981027213491759,1,1,1,1,1,1,0.808702319340617,0.623181492964465,0.801394245031148,0.987735566856117,0.604421071396738,0.893139424596902,1,0.900840698426385,1,1,1,1
"15",0.562173458725183,0.819357620176762,0.806867941922102,0.622437485920252,0.820706509664519,0.651993355481728,0.883714118336262,0.838801134062373,0.57922488795149,0.45724907063197,0.976505967484259,0.976684982958893,0.644764730818143,0.767977276124981,0,0.829795876916827,0.938863347354006,0.798799519807923,0.597380213719407,0.699102333931777,0.726946888237211,0.702836879432624,0.863726519659316,0.846256387469452,0.851134335967372,0.772437202987101,0.594371997254633,0.878638667632151,0.748238897396631,1,1,0.796503156872268,0.840109514031485,0.669402773846589,0.780570830060225,0.603823335530653,0.864086210688366,0.857560975609756,0.61144377910845,0.819719563765858,1,1,1,1,1,1,1,1,1,1,0.903745072273325,0.825416666666667,0.896689884731554,0.910437235543018,0.745029239766082,0.838450899031812,0.786666666666667,0.810202429149798,0.844596371285827,0.965892671808543,0.845788222867705,0.763514673073623,0.795446584938704,0.949249574501006,0.743691695977978,0.959795221843003,0.666666666666667,0.879139072847682,0.893381934161066,1,0.724478053591978,0.941026236359415,1,1,1,1,1,1,0.845914665745379,0.594385285575992,0.963488843813387,1,1,1,1,1,1,0.690831949824756,0.778482685699181,0.862117813717389,0.950986252241482,0.811795037060909,0.847100405812279,1,0.784290738569754,1,1,1,1
"16",0.595299608300692,0.121439624047223,0.492907590954953,0.428865979381443,0.867116985966343,0.429429429429429,0.67557837189146,0.164334317627423,0.526245402875293,0.747941489876974,0.851505474452555,0.936194663735385,0.397936224687718,0.212516823687752,0.829795876916827,0,0.748960408149002,0.218350403005878,0.627348265895954,0.311258278145695,0.259207491788385,0.316052421982478,0.197347987098316,0.363186397251499,0.248423549978148,0.347322348094748,0.68425800631484,0.199672444383786,0.928121720881427,1,1,0.563844700432742,0.871026104936676,0.696514012303486,0.363400594598014,0.842927264614012,0.924201918540651,0.736729582798852,0.631922698398497,0.89102969046115,1,1,1,1,1,1,1,1,1,1,0.958903148888421,0.399133419616229,0.604820857587932,0.880806183630716,0.432072776482971,0.429777287189144,0.640627290048366,0.78028718806636,0.177790454459023,0.908776827778747,0.146522705620832,0.288469781397342,0.773071104387292,0.858914192560391,0.294629503738953,0.829201248965867,0.917487798139792,0.648331931595178,0.944778761061947,1,0.472569103409569,0.922669049746798,1,1,1,1,1,1,0.936103151862464,0.712590425099569,0.985434750625276,1,1,1,1,1,1,0.820482636845203,0.660672300946813,0.839081841124865,0.991670052824055,0.691312513041664,0.914484503478811,1,0.926021228690897,1,1,1,1
"17",0.835649172493141,0.743867655447804,0.852593995919557,0.754750312378819,0.930937635028086,0.782328499957602,0.98562387686538,0.727699889215724,0.948145193458317,0.875633304655387,0.455144147273359,0.59781589542772,0.749233651226158,0.717820809929691,0.938863347354006,0.748960408149002,0,0.734907749077491,0.809607309307369,0.704847986852917,0.711578609282158,0.79729619008603,0.740243590212501,0.741322195016563,0.733168019236549,0.725119571455902,0.838590665928795,0.779496623695519,0.962695711368278,1,1,0.901577427238391,0.923451581975072,0.840738914047438,0.727961223871554,0.964410199963309,0.991765664536604,0.840192806822395,0.811076414401176,0.983493100631905,1,1,1,1,1,1,1,1,1,1,0.976426100249417,0.746774762072612,0.853056325550824,0.99664511905736,0.699414225941422,0.726846153846154,0.797731491029078,0.87364201242734,0.730209281164695,0.457686020998689,0.73041299726693,0.707931861609139,0.871323529411765,0.349202309875697,0.767750602552452,0.200499271895153,0.958244011557461,0.779419005416051,0.966024175106174,1,0.739186416126826,0.997005550686532,1,1,1,1,1,1,0.965878089498758,0.865077285826565,0.991815814491795,1,1,1,1,1,1,0.929973957256831,0.831485419198056,0.901692302044712,0.995988847038106,0.822309417040359,0.948805331515771,1,0.960060777078359,1,1,1,1
"18",0.536729631749666,0.0931458699472759,0.306678841638403,0.350761741638871,0.854241185487992,0.353966870095902,0.484349503041092,0.406585591351966,0.447879774097827,0.704519645696116,0.859670225028818,0.934962248055106,0.317622230038692,0.347822828449374,0.798799519807923,0.218350403005878,0.734907749077491,0,0.568184196755625,0.225785340314136,0.171357098186367,0.218805921587766,0.453661740558292,0.454905467552376,0.426344827586207,0.276695912689921,0.634197324414716,0.390539483971853,0.917128742816816,1,1,0.416118200134318,0.857009814456623,0.651320310199274,0.329135180520571,0.818331957060281,0.913936255691456,0.709842466675643,0.574120082815735,0.87619987440567,1,1,1,1,1,1,1,1,1,1,0.954010359441218,0.365448504983389,0.487432792761289,0.86613662177511,0.358961303462322,0.40089311437626,0.595679775744084,0.754306648998363,0.415708274894811,0.90629648880684,0.415378127635648,0.316721416553161,0.745228081527014,0.799892222022633,0.13575380883802,0.821994771096401,0.904089060158424,0.615639171467092,0.939350741916672,1,0.409751118787784,0.914985590778098,1,1,1,1,1,1,0.928313107771438,0.672167624698684,0.983605199966879,1,1,1,1,1,1,0.797929606625259,0.624472573839662,0.822942148760331,0.990152515912093,0.654898911353033,0.905408241796684,1,0.915743199926733,1,1,1,1
"19",0.281219077775579,0.60715985908788,0.599717257396748,0.271539548022599,0.820475212672338,0.317000496606522,0.964485284986961,0.522011121408712,0.783180550019928,0.229493633402428,0.924196215322433,0.943564491861578,0.305737842840316,0.478645438463483,0.597380213719407,0.627348265895954,0.809607309307369,0.568184196755625,0,0.392788815305372,0.439630585359229,0.398980335032775,0.578807676602695,0.596558130439034,0.545143865064491,0.519674039580908,0.15776757670935,0.725573661456601,0.816926503340757,1,1,0.727724342035726,0.766002344665885,0.253467843631778,0.534469141374252,0.837050950927448,0.980942480942481,0.562228116710875,0.0276530371070669,0.947184330185379,1,1,1,1,1,1,1,1,1,1,0.919868726924655,0.618845265588915,0.763525905547914,1,0.350747442958301,0.512004730928445,0.384179104477612,0.574594594594594,0.532782244366437,0.918076403780478,0.531083077622457,0.414917753828701,0.545782263878875,0.966249254621348,0.468572900566718,0.864832104832105,0.771019677996422,0.62108549912756,0.906437425029988,1,0.435413245758073,1,1,1,1,1,1,1,0.892215568862275,0.438491693111816,0.970216606498195,1,1,1,1,1,1,0.757448089076136,0.530656353088386,0.723803630363036,0.971704623878537,0.44475844435473,0.847472924187726,1,0.832422586520947,1,1,1,1
"20",0.371147371147371,0.28150622532645,0.512249443207127,0.135725429017161,0.823045905707196,0.171067738231917,0.771124790151091,0.352092735156181,0.576427735137245,0.569632815084353,0.870785828123084,0.932593462568786,0.0989317231769623,0.274307852215818,0.699102333931777,0.311258278145695,0.704847986852917,0.225785340314136,0.392788815305372,0,0.0566188197767145,0.26221942521502,0.41468110709988,0.417493796526055,0.378534923339012,0.15942801314504,0.485898942420682,0.465431540894713,0.885179494342785,1,1,0.608903544929926,0.821769800875078,0.521744984515955,0.257197363857093,0.745958429561201,0.8857955218576,0.643624937985778,0.403768115942029,0.835459639918922,1,1,1,1,1,1,1,1,1,1,0.941294329793628,0.311397658218467,0.640701893920565,0.827514112481706,0.175975177304965,0.344120819848975,0.47657167253709,0.686959976164465,0.364347826086957,0.901419870646579,0.363794907568887,0.227857216335768,0.67201166180758,0.908862437515535,0.236652928208569,0.80719407121769,0.863871163780006,0.53739489600236,0.926142192061864,1,0.246466873809762,0.89622641509434,1,1,1,1,1,1,0.907879789321491,0.559431846498879,0.97874852420307,1,1,1,1,1,1,0.738056897477187,0.534031413612565,0.783420946219167,0.985270343093228,0.560594059405941,0.882771178357756,1,0.887241083466111,1,1,1,1
"21",0.414234016887817,0.228529839883552,0.46103500761035,0.190877429502303,0.830510992275698,0.201336494934253,0.698494242692648,0.367427752969922,0.490490611750454,0.606592077411551,0.868833128132207,0.933094948066067,0.154684095860566,0.294592413236481,0.726946888237211,0.259207491788385,0.711578609282158,0.171357098186367,0.439630585359229,0.0566188197767145,0,0.209661453177589,0.425918821453234,0.42825311942959,0.392102697432564,0.14263972266847,0.525488069414317,0.419877408056042,0.893619774815582,1,1,0.551582926445109,0.830373077249936,0.555722326454034,0.276694214876033,0.765208110992529,0.892995892995893,0.659611435792134,0.449116229244778,0.845896147403685,1,1,1,1,1,1,1,1,1,1,0.944454976303318,0.325984923908406,0.604641044234953,0.837181764357608,0.212468723936614,0.360075265138556,0.506490892623528,0.703675848453511,0.378853165396089,0.902464506259211,0.378364905284148,0.252405481582272,0.690326386158081,0.884438643717541,0.18971002636124,0.810437770274273,0.874685314685315,0.55599603567889,0.92931047503965,1,0.287055476529161,0.900734169470786,1,1,1,1,1,1,0.912984099112282,0.588550151268327,0.979969650986343,1,1,1,1,1,1,0.753111403420014,0.556035916195544,0.792932807546586,0.986634066829666,0.583989501312336,0.888273696388728,1,0.894580038959551,1,1,1,1
"22",0.376796714579055,0.274731913608216,0.311659547539946,0.231464952992979,0.824001233996607,0.177220956719818,0.534469977761305,0.569782780758069,0.256413561944051,0.57455853499019,0.91344959680946,0.932655671136073,0.214697074406819,0.507181075753309,0.702836879432624,0.316052421982478,0.79729619008603,0.218805921587766,0.398980335032775,0.26221942521502,0.209661453177589,0,0.611806940566414,0.608051827857473,0.587976291278578,0.332686027010327,0.491131142774062,0.492517159896478,0.88629132660119,1,1,0.400491803278688,0.822876918981276,0.526210484193677,0.471125667988278,0.748499571306087,0.886734813770415,0.645675764551135,0.409756097560976,0.836821567931891,1,1,1,1,1,1,1,1,1,1,0.941703143653004,0.494102034797995,0.524248278595135,0.828767123287671,0.44952716076534,0.565302840807575,0.484479288060176,0.689121215109971,0.578219533275713,0.901549818277687,0.578263130525221,0.481564702277602,0.67438494934877,0.838198406791808,0.0855945920213273,0.853415103415103,0.865303668069754,0.642941003815674,0.926547908655733,1,0.404399323181049,0.896803943393226,1,1,1,1,1,1,0.908540961755357,0.563241106719368,0.978906999041227,1,1,1,1,1,1,0.740010655301012,0.536860364267129,0.784640128669079,0.98545325527763,0.56361848574238,0.883478410755839,1,0.888200267347187,1,1,1,1
"23",0.584071621747645,0.335311939652507,0.745456880498299,0.505029115934357,0.820343461030383,0.521987874647767,0.91226408219777,0.083205146133408,0.884917664670659,0.70951696695037,0.849717138103161,0.944833714140645,0.499870834409713,0.166813898704358,0.863726519659316,0.197347987098316,0.740243590212501,0.453661740558292,0.578807676602695,0.41468110709988,0.425918821453234,0.611806940566414,0,0.261621689626974,0.12488976324537,0.412061711079944,0.617290243653787,0.299879256218305,0.834251968503937,0.951100521896982,0.896481325807614,0.775031392505452,0.798732394366197,0.576716532412735,0.337920594509048,0.908349279887199,0.937248732739032,0.714474991719112,0.584486415513585,0.973480857042501,1,1,1,1,1,1,1,1,1,0.95041782729805,0.88846953708696,0.423461655046984,0.743835971969894,0.931407654969364,0.372640332640333,0.317238938053097,0.533872271624899,0.693190512624331,0.0795117578098062,0.915872505978513,0.0689059368304652,0.233611067442226,0.750099166997223,0.971129813823004,0.56855739169272,0.823456278491504,0.906501095690285,0.621233166254001,0.940283271660074,1,0.506857759284944,1,1,1,1,1,1,1,0.872437716808578,0.649043257458964,0.913947069329437,1,1,1,1,1,1,0.869113348489769,0.698776018255999,0.825719120135364,0.990429505135388,0.659720632012823,0.906976744186047,0.946406820950061,0.84336917562724,1,1,1,1
"24",0.554240631163708,0.341363526860997,0.738815296175956,0.504802379940501,0.642944634982851,0.521166199967056,0.740426734492016,0.262472001628996,0.869952333842971,0.722726313568263,0.849432522178718,0.942406988928305,0.49983394221189,0.21969318587228,0.846256387469452,0.363186397251499,0.741322195016563,0.454905467552376,0.596558130439034,0.417493796526055,0.42825311942959,0.608051827857473,0.261621689626974,0,0.163063538096494,0.280103464706283,0.5970703125,0.455431491294474,0.692380322915683,0.81095298743009,0.864352591915962,0.587842179668423,0.596609937803295,0.503637535684686,0.277198609997327,0.738803088803089,0.788259075212667,0.722401133582378,0.601819589624468,0.956172264997039,1,1,1,1,1,1,1,1,1,0.952325685206678,0.814522141046668,0.405057308283115,0.675739946494543,0.793506693337437,0.310854206807964,0.121736740862874,0.305366768221233,0.418265313680468,0.255022769890169,0.912689276542991,0.280536912751678,0.242758306089865,0.758361460570727,0.965994803360157,0.566390191128741,0.825260743733959,0.910525264629519,0.630841671571513,0.941881403290904,1,0.506600044746066,0.986449184441656,1,1,1,1,1,1,0.55059092642013,0.45226042939431,0.573770491803279,1,1,1,1,1,1,0.856593708323527,0.692989524576954,0.830474140659619,0.990887876430715,0.670558675731599,0.909655863681924,0.948343815513627,0.830213096367872,1,1,1,1
"25",0.542308461692338,0.304117037804246,0.733028017241379,0.471203694975964,0.816767730029001,0.490442381212452,0.905370056931836,0.107019223687118,0.876543209876543,0.684210526315789,0.847882105263158,0.944321311895458,0.466568699485672,0.119838245586749,0.851134335967372,0.248423549978148,0.733168019236549,0.426344827586207,0.545143865064491,0.378534923339012,0.392102697432564,0.587976291278578,0.12488976324537,0.163063538096494,0,0.38012560029553,0.564509026860414,0.369069069069069,0.703232644409115,0.882979352777613,0.86266771902131,0.755657364986811,0.760742115027829,0.50036071318149,0.294756662804172,0.792481529769665,0.839693944200802,0.700069589422408,0.551656495204882,0.971677764231455,1,1,1,1,1,1,1,1,1,0.946839223494276,0.841409691629956,0.389600507292327,0.701692493189836,0.832967404154704,0.252743362831858,0.219253731343284,0.409016745384285,0.584771162413933,0.0978513356562138,0.914769748142255,0.124126891734575,0.187296824206052,0.734848484848485,0.970585942575029,0.543945235659769,0.819847758669298,0.8988484985324,0.603890362511052,0.937387116195063,1,0.477678935770832,1,1,1,1,1,1,1,0.77138556735513,0.516016307513104,0.812300526179591,1,1,1,1,1,1,0.860926580967992,0.682877111240536,0.817088996653234,0.989544817034298,0.639786683904331,0.9020928380042,0.942798774259448,0.821370388116914,1,1,1,1
"26",0.371650730272144,0.322509520946081,0.536576877566646,0.28890205371248,0.646314069838677,0.242646358876725,0.530718223216426,0.420281001832621,0.586163256696899,0.664838668537176,0.872177131796108,0.934153195658339,0.254348034976458,0.367426078526418,0.772437202987101,0.347322348094748,0.725119571455902,0.276695912689921,0.519674039580908,0.15942801314504,0.14263972266847,0.332686027010327,0.412061711079944,0.280103464706283,0.38012560029553,0,0.574334534464722,0.477409097902456,0.793388429752066,0.890390938984289,0.847212470158686,0.420179533213644,0.630598737879021,0.453697679462156,0.210474975613416,0.777370170812794,0.849745994529113,0.68968248254014,0.526854514088557,0.86446670595168,1,1,1,1,1,1,1,1,1,0.945629443747386,0.823894030737879,0.305775394074171,0.569277108433735,0.755127189507966,0.292910620205195,0.206594937688676,0.348083124328198,0.497977073499663,0.40955246333208,0.90464726052382,0.43858855462565,0.335185828412643,0.723659970172822,0.899326386696137,0.305691854759568,0.817085369687616,0.893040467947953,0.591480492411906,0.935305501797069,1,0.361365953109072,0.909249807732644,1,1,1,1,1,1,0.677992681651856,0.465023928316872,0.729841612670986,1,1,1,1,1,1,0.78037803780378,0.597133157299132,0.810875706214689,0.988861722358055,0.626902059688945,0.898559423769508,0.940124416796268,0.802290536467752,1,1,1,1
"27",0.298855112514805,0.667173830353747,0.647035094796289,0.38347718865598,0.796484375,0.413280475718533,0.945202082816762,0.585193753614806,0.770622142715166,0.224778761061947,0.935712580129677,0.952135443020664,0.412357286769644,0.558471048315882,0.594371997254633,0.68425800631484,0.838590665928795,0.634197324414716,0.15776757670935,0.485898942420682,0.525488069414317,0.491131142774062,0.617290243653787,0.5970703125,0.564509026860414,0.574334534464722,0,0.736310473152579,0.713080168776371,0.960738451257205,0.943071161048689,0.721131517838294,0.727027976120801,0.184657304548313,0.599819738621,0.724250936329588,0.897320656871219,0.63064208518754,0.178605089538172,0.944861280753795,1,1,1,1,1,1,1,1,1,0.987091726970468,0.856401856401857,0.672264255397675,0.77263616058645,0.929956584659913,0.376570351758794,0.532829475673122,0.410695665127365,0.511398893835154,0.598371777476255,0.93052385016972,0.604403086699955,0.504600141542816,0.546632124352331,0.965845080916759,0.54995499549955,0.885519680398192,0.771777890983189,0.680242157402312,0.906558849955077,1,0.521923234530802,0.998578968737312,1,1,1,1,1,1,0.823537782837626,0.349720670391062,0.899714757543912,1,1,1,1,1,1,0.755819192070881,0.602453430258973,0.724173447316922,0.971830985915493,0.529016657710908,0.847696293792948,0.99109131403118,0.823369071415592,1,1,1,1
"28",0.693020924696153,0.30394171492621,0.609936575052854,0.565437760212394,0.889666919000757,0.56023598820059,0.763210631789896,0.33125223888235,0.668110755321153,0.816043679126417,0.860512098440441,0.939204227615182,0.539520531687633,0.378313765074643,0.878638667632151,0.199672444383786,0.779496623695519,0.390539483971853,0.725573661456601,0.465431540894713,0.419877408056042,0.492517159896478,0.299879256218305,0.455431491294474,0.369069069069069,0.477409097902456,0.736310473152579,0,0.909734398337554,0.975160711942975,0.989385227775321,0.667452135493373,0.880446525027007,0.748005361588051,0.488772000809225,0.846518987341772,0.908158983274384,0.788039736402085,0.728269484808454,0.917002465868768,1,1,1,1,1,1,1,1,1,0.996377037916172,0.942706618373395,0.50667157449158,0.655041083330395,0.875435246546108,0.529541241890639,0.51714521793018,0.689249815435289,0.796821235457972,0.340628166160081,0.914676937639743,0.316419728029227,0.445465174544847,0.823470073974445,0.881077189588067,0.467145075777861,0.845537481295555,0.939549318580488,0.712267180475273,0.955243150193659,1,0.587308557940385,0.937439753229227,1,1,1,1,1,1,0.91854042292027,0.747694577646625,0.956370678361907,1,1,1,1,1,1,0.861008259755056,0.728934010152284,0.870031545741325,0.994060983559064,0.756924754634678,0.931623931623931,0.997370465547122,0.941215927800476,1,1,1,1
"29",0.658482554919697,0.924358148523051,0.919937664361547,0.863636363636363,0.825323387782079,0.786416861826698,0.843887370797196,0.899066251667408,0.820884429580082,0.773322641005079,0.984998357484396,0.988812369001279,0.869668622165848,0.900700652331481,0.748238897396631,0.928121720881427,0.962695711368278,0.917128742816816,0.816926503340757,0.885179494342785,0.893619774815582,0.88629132660119,0.834251968503937,0.692380322915683,0.703232644409115,0.793388429752066,0.713080168776371,0.909734398337554,0,0.672780392793378,0.6266137040715,0.652519083969466,0.760062963795818,0.570089808668489,0.626530833423648,0.505948518278174,0.604954367666232,0.916028194912657,0.821109902067465,0.950345281157514,1,1,1,1,1,1,1,1,1,0.610175695461201,0.527940601797577,0.692018947180266,0.768582977767797,0.454620575678281,0.724363744604852,0.706769474997165,0.535673839184598,0.417053065430191,0.868189233278956,0.983795931241129,0.910291389282986,0.88915857605178,0.887381833127826,0.975755073147711,0.89886811023622,0.973388584933148,0.807809212064531,0.926952812583311,0.920717592592592,1,0.892857142857143,1,1,1,1,1,1,1,0.571157495256167,0.443453941618598,0.624358243011979,1,1,1,1,1,1,0.882738944365193,0.910212998361551,0.918290258449304,0.974862047823421,0.891982039769083,0.910923276983095,0.900452488687783,0.683976768021865,1,1,1,1
"30",0.912766783081102,1,1,1,0.900326706905144,0.960642975564045,0.886685552407932,0.99477648202138,0.988949416342412,0.997680435364439,1,1,1,1,1,1,1,1,1,1,1,1,0.951100521896982,0.81095298743009,0.882979352777613,0.890390938984289,0.960738451257205,0.975160711942975,0.672780392793378,0,0.886738487939746,0.805470421557856,0.872631707615206,0.854011119936458,0.788559448936807,0.782317426184765,0.733460746839165,1,1,1,1,1,1,1,1,1,1,1,1,0.530312403340551,0.345394519643447,0.633059977488342,0.791772151898734,0.455631746893883,0.927398322407838,0.844292994412722,0.738783374621525,0.692620798319328,0.976594850867191,1,1,1,1,1,1,1,1,1,1,1,1,1,1,1,1,1,1,1,0.785800889128385,0.768595041322314,0.69267955801105,1,1,1,1,1,1,1,1,1,1,0.998689641616982,1,0.954891622729936,0.921333133163189,1,1,1,1
